268423639
268423959
268407417
268423953
268422237
268414267
268418902
268407736
268414790
268416504
268413497
268430702
268414488
268431349
268425434
268420277
268411959
268406563
268408759
268424887
268410188
268410753
268400897
268413244
268404104
268409276
268414425
268433527
268402687
268422535
268412886
268434729
268425479
268426804
268408266
268426126
268408890
268411827
268426623
268431140
268408254
268402271
268414641
268411701
268432943
268421558
268421518
268429357
268405545
268415743
268427358
268406439
268432548
268405605
268409500
268425927
268426052
268420692
268400907
268424596
268411158
268402971
268405546
268407160
268407543
268423448
268415071
268402422
268434090
268422584
268425877
268428870
268408259
268424565
268414659
268415054
268428229
268409741
268429044
268428905
268401743
268426101
268412808
268411784
268400143
268403106
268420770
268420373
268415564
268430522
268404499
268406106
268402685
268410751
268405037
268428009
268433431
268432556
268417749
268435022
268429604
268427070
268431160
268408320
268434416
268434692
268405343
268427204
268422464
268400403
268426193
268412206
268429716
268401601
268434735
268403595
268422183
268404263
268433603
268421919
268414250
268417672
268428842
268411069
268400800
268416718
268425728
268411130
268415438
268427509
268401948
268401323
268400763
268432209
268413303
268406279
268400381
268416864
268422748
268423952
268433232
268409518
268428823
268403905
268414775
268417579
268414969
268434261
268409203
268417821
268429735
268422612
268435384
268400681
268411746
268415778
268430541
268421471
268400636
268414483
268411587
268420698
268421270
268423519
268423138
268412662
268407294
268419614
268422941
268424156
268402937
268419840
268425747
268400573
268433098
268415726
268402332
268409357
268406415
268415821
268420207
268434967
268401744
268404359
268410003
268401213
268432038
268433241
268425225
268411777
268407662
268400166
268404649
268425912
268401805
268430332
268426254
268404553
268401068
268401459
268412574
268411401
268410822
268400328
268433350
268404895
268434935
268424353
268406935
268433531
268429711
268423909
268402628
268422815
268429000
268431356
268413953
268400720
268417733
268427123
268406529
268424840
268406639
268428286
268432563
268401789
268422285
268431691
268403156
268408849
268411748
268405795
268416925
268405676
268430044
268420148
268402209
268418600
268431940
268409121
268406499
268418728
268429360
268409265
268428586
268434750
268418831
268408515
268406648
268412645
268407340
268422135
268428195
268405190
268407246
268421214
268433192
268403981
268404947
268431921
268415940
268411357
268400667
268429116
268400853
268403926
268429686
268433660
268422584
268412816
268425801
268424542
268407407
268416780
268412714
268426560
268429281
268424576
268434006
268427136
268434894
268407912
268400839
268431189
268434590
268419840
268424627
268427363
268405649
268423975
268403067
268431813
268405393
268404896
268416702
268412673
268413968
268412958
268402593
268427231
268405400
268402407
268434910
268428004
268422038
268406973
268410630
268410856
268418445
268407122
268432315
268410639
268418766
268415419
268435320
268417966
268410227
268432698
268403670
268408399
268433409
268405355
268423943
268426740
268433619
268420961
268407632
268412410
268400522
268413175
268418536
268418674
268401015
268429774
268413700
268425008
268405279
268413354
268431516
268429662
268426731
268430728
268402665
268411010
268431344
268427210
268428385
268418576
268431326
268435071
268406991
268420720
268403621
268417654
268427804
268401125
268430841
268412362
268420671
268407483
268429760
268403516
268406441
268405648
268421031
268412657
268415464
268434985
268405296
268424170
268413033
268411336
268417671
268426758
268419791
268403879
268433754
268433867
268415947
268403909
268421103
268419531
268409660
268425891
268428102
268427983
268406843
268404100
268421507
268432654
268401685
268425069
268404920
268427634
268409905
268407769
268414813
268409389
268432697
268425420
268412436
268413539
268429251
268403813
268418671
268434692
268435190
268425842
268420470
268414779
268412499
268403215
268427750
268434252
268419400
268424784
268413721
268412032
268430407
268405351
268412996
268419421
268417746
268424453
268419978
268418967
268412238
268417187
268426889
268405700
268400430
268409321
268421624
268409413
268400444
268405858
268435281
268400678
268424463
268433373
268429447
268432668
268425776
268409912
268402343
268414724
268426627
268420232
268422130
268412648
268434156
268419109
268425472
268416413
268408949
268411914
268434334
268422234
268406407
268423616
268423384
268421793
268416016
268424859
268411057
268431687
268428139
268421230
268416768
268413547
268408054
268424952
268425034
268402151
268403463
268411676
268408483
268426858
268400794
268405423
268420489
268406231
268405758
268408121
268403289
268431690
268418426
268413274
268407332
268414780
268426843
268419332
268420334
268420064
268422159
268400081
268404380
268423680
268421778
268429438
268422774
268421424
268431187
268409931
268408839
268409495
268413732
268406084
268411955
268425726
268434197
268434183
268431278
268422053
268422741
268403241
268429652
268402741
268416919
268400603
268415883
268402785
268419104
268414493
268428433
268431148
268406720
268404357
268405429
268414407
268428474
268406958
268424531
268407665
268412333
268429136
268427975
268413975
268405487
268429962
268431726
268417396
268434715
268434767
268427911
268422941
268413129
268434490
268423975
268418298
268402295
268417934
268415601
268407884
268408651
268418605
268434932
268434318
268402399
268429327
268405509
268433385
268414912
268412946
268413253
268430432
268400164
268419519
268420236
268419962
268405961
268409268
268432546
268432835
268419809
268400173
268415366
268407119
268415594
268415833
268415219
268408391
268431785
268400238
268431711
268423540
268401555
268428693
268432925
268425137
268413013
268418689
268426679
268400314
268420345
268404524
268424672
268420820
268429941
268400999
268401703
268412571
268407928
268430411
268434689
268434887
268403639
268418864
268419949
268420486
268414768
268422264
268416152
268428786
268407130
268433004
268430723
268420749
268433453
268419001
268421051
268429710
268426298
268423392
268416027
268412310
268404966
268428754
268419394
268400481
268400801
268430499
268402746
268403021
268410872
268405615
268415015
268424721
268429952
268401585
268418342
268407493
268407817
268432294
268434843
268429045
268421171
268411151
268404131
268401701
268412008
268407634
268433580
268421874
268413416
268415593
268428821
268421840
268413547
268424768
268423320
268406167
268421772
268412886
268400178
268415347
268418811
268417751
268417719
268411055
268412939
268426639
268431971
268407257
268422084
268432944
268428686
268408379
268435134
268416918
268416171
268414820
268404862
268420707
268409807
268421068
268431049
268419533
268415152
268434525
268413894
268402524
268429685
268421407
268414034
268435291
268412458
268422285
268416305
268423957
268400536
268403673
268427851
268423227
268411282
268433424
268402518
268419338
268416176
268405442
268413054
268410977
268412339
268415676
268434977
268403166
268435351
268412036
268427135
268432478
268427918
268434742
268429794
268426111
268407924
268416542
268430250
268410855
268428486
268431345
268419495
268413412
268412618
268406065
268409798
268416528
268425614
268435234
268413559
268410643
268400105
268423838
268409145
268420746
268402508
268405239
268402302
268430639
268409008
268407696
268416812
268400190
268419060
268432371
268418098
268416026
268428862
268406569
268427616
268425971
268433163
268427482
268431424
268414629
268419470
268424629
268431561
268412422
268420421
268411273
268425232
268430698
268420589
268427230
268401445
268410371
268418470
268406817
268429728
268416976
268400761
268402361
268426065
268401157
268411451
268400458
268423777
268428241
268402807
268401539
268428648
268406321
268408035
268407686
268406515
268419997
268416019
268430656
268403041
268416223
268427234
268411394
268420300
268404469
268410303
268400309
268420786
268428554
268417293
268413257
268424480
268410334
268415441
268424069
268433175
268422933
268410239
268407642
268428963
268419450
268418610
268423781
268416569
268428317
268431970
268431708
268403199
268420587
268409885
268429991
268430491
268407408
268408567
268403301
268431642
268433095
268417744
268422376
268423074
268410749
268426679
268404614
268426964
268427420
268429276
268433343
268407447
268429750
268429604
268405267
268400351
268430474
268404488
268420091
268413145
268415040
268417798
268406897
268430068
268415906
268416902
268430229
268414652
268432766
268403938
268420027
268416910
268415311
268420827
268419646
268407467
268421648
268413114
268408713
268407555
268409095
268400745
268431777
268421482
268400450
268401022
268415860
268413937
268412721
268400976
268418240
268408846
268421907
268430869
268434003
268434794
268417248
268429499
268429715
268403326
268405504
268405941
268429877
268413289
268404656
268427627
268406411
268426259
268415774
268421790
268417053
268408163
268402866
268403636
268413321
268433364
268423943
268434927
268400457
268435346
268422154
268418633
268421006
268434015
268419781
268428107
268400845
268407779
268402907
268415217
268407106
268405809
268412047
268409336
268416188
268416184
268424242
268414013
268403166
268412473
268410794
268403344
268433024
268410944
268423658
268415348
268409225
268434797
268413914
268412777
268401944
268416608
268426728
268409783
268410321
268403969
268420468
268434521
268427087
268404688
268403573
268419485
268428668
268417889
268405465
268434321
268416705
268402780
268432032
268406464
268410625
268404575
268408947
268432253
268408599
268414836
268425654
268417363
268430238
268422231
268400352
268411723
268421660
268418755
268418544
268409368
268426962
268413388
268408150
268422296
268424908
268410436
268435069
268426152
268408351
268410361
268412954
268410749
268418739
268416739
268402496
268432854
268426487
268409912
268424455
268424202
268407953
268417227
268421606
268400242
268432268
268416761
268403247
268411062
268415172
268429501
268417959
268420679
268412916
268406605
268401974
268420592
268428810
268406999
268427923
268433895
268410279
268403411
268422141
268400377
268403343
268407996
268422084
268411992
268416769
268412328
268407196
268410432
268405787
268406379
268417851
268411070
268415280
268405835
268404057
268433874
268423409
268429435
268424596
268420953
268408942
268411807
268431231
268428406
268421995
268432534
268413550
268422019
268418050
268400387
268426550
268420479
268416643
268422403
268428886
268432397
268415880
268431659
268407934
268411236
268426908
268426614
268401636
268421154
268420957
268429476
268402462
268422176
268401195
268417256
268416024
268403162
268402743
268417772
268408851
268430185
268422183
268405496
268406904
268409247
268429135
268411550
268424610
268413991
268404668
268428770
268410158
268408721
268418297
268401364
268434328
268430272
268411274
268420715
268423574
268406712
268421691
268423774
268427442
268432127
268428363
268414682
268415298
268427876
268404747
268410816
268427073
268425397
268412223
268417611
268435221
268423648
268415950
268406832
268431246
268403692
268420353
268432021
268419559
268421016
268418261
268415667
268433692
268412628
268419550
268419079
268419649
268428695
268425728
268421945
268429040
268434230
268415255
268402368
268423019
268417499
268404036
268430677
268400618
268425091
268429668
268416509
268435225
268404429
268406880
268409360
268408927
268433119
268416890
268420638
268413951
268409415
268410978
268415958
268416925
268434250
268419613
268408838
268401654
268404949
268417816
268427774
268424127
268413034
268405848
268425423
268412267
268407929
268406839
268407813
268434771
268408584
268400382
268419648
268416536
268422402
268423532
268423127
268412997
268428364
268429941
268423269
268400572
268416963
268434799
268433112
268408173
268411670
268428452
268413280
268425641
268401196
268418114
268415261
268423268
268431331
268408474
268427594
268412537
268433326
268434509
268410385
268403413
268420113
268429728
268400595
268400332
268421113
268413839
268403787
268412273
268409236
268417132
268418528
268421106
268408376
268403525
268410173
268434673
268417308
268408649
268415449
268402923
268417138
268424118
268419396
268406953
268415692
268431356
268422613
268420477
268424364
268413624
268401909
268415654
268418135
268433565
268435134
268401727
268425840
268431919
268427125
268426481
268432701
268418955
268408941
268432381
268415659
268409647
268411518
268424087
268404320
268402509
268407744
268429306
268402500
268400395
268416558
268426577
268405872
268416328
268420020
268401780
268422463
268432180
268428941
268427550
268409672
268426294
268426548
268416726
268419799
268422324
268401209
268412411
268414363
268408657
268400621
268406208
268432581
268427374
268402712
268406583
268424425
268409082
268401768
268412610
268400941
268401293
268411305
268434906
268424004
268409433
268423569
268430061
268409750
268429880
268429124
268431130
268412882
268425035
268432478
268433519
268418377
268415878
268429534
268410701
268410192
268434276
268422469
268404924
268404980
268407560
268417892
268406209
268419158
268420077
268419091
268431792
268428575
268424037
268407632
268425078
268411581
268429168
268405350
268429103
268411639
268416678
268419951
268412627
268424960
268405463
268403970
268425682
268416661
268421143
268406075
268406860
268417473
268411267
268422719
268421188
268407124
268412507
268431024
268433319
268405796
268429064
268401235
268431279
268419659
268424438
268400363
268419427
268403681
268431278
268430501
268423900
268403944
268405359
268410561
268416606
268422287
268412109
268402902
268402179
268428368
268430929
268417633
268413170
268407317
268429015
268412407
268409053
268404091
268400906
268431793
268426666
268405842
268409962
268435012
268430428
268420495
268405517
268434533
268407288
268423015
268429744
268411607
268405073
268411149
268408026
268412509
268415562
268423494
268427896
268415335
268419590
268427081
268407761
268434686
268423606
268404722
268432786
268429587
268421523
268410197
268427682
268408913
268405310
268410193
268420112
268410474
268401859
268430441
268416394
268428843
268417880
268415148
268402358
268421326
268406013
268413305
268408895
268427208
268411109
268417095
268426862
268426263
268402651
268428328
268433255
268428157
268431388
268405852
268433883
268432034
268403640
268425868
268435324
268408489
268410370
268401924
268426000
268408200
268425501
268428661
268432244
268401607
268402264
268410198
268431395
268405338
268424486
268426688
268421942
268405120
268422989
268430411
268433926
268418865
268412450
268434704
268408236
268426187
268417153
268421585
268417847
268433129
268433268
268411360
268430360
268426770
268429131
268417302
268413301
268420741
268409167
268405925
268414367
268411207
268432574
268423356
268429672
268435309
268428434
268432612
268430270
268401675
268420407
268422244
268423347
268426736
268411546
268421748
268405675
268404069
268428095
268415270
268400875
268411189
268412870
268409587
268430104
268416534
268400474
268431951
268432318
268433507
268424441
268404464
268407038
268403276
268405975
268427250
268419333
268402859
268413576
268405936
268414813
268414748
268404408
268406230
268424084
268416802
268429648
268429062
268409557
268409464
268435253
268410552
268413047
268433002
268402372
268423007
268412439
268412964
268420562
268404879
268418902
268401831
268430165
268401938
268406566
268422180
268417079
268427986
268402360
268403600
268407907
268425146
268418042
268400868
268417638
268410386
268410448
268423219
268415707
268423413
268420018
268428055
268419705
268411143
268429841
268413648
268410688
268400479
268410175
268427375
268426641
268417776
268401633
268428567
268402042
268433412
268428823
268430434
268424838
268428510
268411374
268402860
268426971
268425765
268401115
268415146
268409344
268427325
268404235
268421971
268424926
268407993
268411814
268406776
268423554
268404905
268426631
268424675
268423703
268402031
268408662
268411674
268408614
268405667
268408101
268400448
268434934
268418814
268405820
268425496
268429563
268420389
268432129
268417694
268413002
268420873
268433885
268432444
268427348
268407009
268418032
268426215
268431783
268425350
268401686
268428719
268427939
268431650
268403888
268417359
268431798
268412429
268418912
268405307
268413652
268414333
268410177
268414858
268419859
268413501
268408071
268423020
268432567
268433529
268434835
268410828
268415087
268405466
268410542
268414587
268421139
268430169
268406363
268422295
268422224
268420848
268413528
268410038
268404819
268418167
268431623
268432567
268427738
268417220
268414919
268421117
268419604
268403345
268403581
268421516
268424634
268418989
268416464
268430697
268434023
268411830
268401284
268429684
268431372
268414440
268407832
268409306
268435028
268400777
268421076
268424186
268426680
268419761
268434263
268405470
268423290
268435451
268401615
268415014
268421840
268411404
268410692
268431912
268418321
268418844
268415712
268415722
268401494
268401709
268410552
268422946
268413118
268401638
268426036
268422211
268424179
268419137
268419769
268412395
268425772
268429373
268405652
268404288
268405641
268404199
268423528
268403931
268426680
268435175
268435385
268411442
268430772
268423044
268433971
268426007
268418322
268424585
268419831
268424855
268422686
268410546
268409099
268422995
268432398
268410787
268411470
268431542
268434565
268421844
268421433
268412345
268419799
268419820
268404254
268425789
268416681
268429207
268418457
268432898
268429144
268435150
268403898
268434247
268407666
268416941
268424923
268408741
268412516
268419354
268404196
268421083
268428134
268415364
268426463
268417019
268412760
268402913
268405474
268433914
268407890
268411531
268408299
268419329
268435091
268417496
268401145
268421754
268432843
268404832
268411376
268419720
268402332
268413178
268430286
268420685
268432817
268415214
268427644
268420516
268418490
268401451
268415333
268425349
268402718
268422406
268401535
268425529
268414380
268404034
268416563
268427054
268406409
268430985
268420926
268416808
268405117
268420579
268403542
268424619
268415418
268414797
268401918
268427009
268404250
268412504
268435157
268429576
268407884
268433322
268421912
268414941
268415496
268415259
268405229
268430400
268421145
268406662
268435412
268428768
268408105
268424371
268425265
268405855
268404339
268434220
268407686
268420867
268432231
268422244
268417323
268417074
268434009
268411691
268426298
268419941
268427537
268407244
268427555
268429466
268422920
268404805
268430154
268432333
268406718
268414062
268412305
268432795
268423502
268402871
268433442
268405566
268406006
268410008
268420752
268421968
268421812
268431934
268424325
268424870
268405938
268429899
268411407
268405991
268432869
268415264
268412649
268423989
268425458
268410184
268409371
268429813
268429395
268403373
268433949
268427277
268413206
268422045
268402225
268402529
268400168
268410251
268410087
268401512
268414752
268433212
268410181
268429269
268405663
268400896
268415944
268413088
268405762
268413110
268403012
268411108
268404141
268411888
268413844
268405485
268431879
268413558
268423187
268401425
268400751
268432653
268404174
268417318
268428479
268415679
268404478
268412166
268417659
268417411
268413047
268406188
268421601
268405543
268417697
268421198
268423741
268427003
268403310
268409693
268404210
268406825
268428508
268430006
268401474
268406802
268430632
268420408
268430101
268413600
268420453
268433295
268405512
268417405
268430267
268428106
268414646
268405720
268414207
268402658
268431901
268412988
268402805
268415612
268405867
268433632
268417454
268425292
268414538
268422467
268430760
268408383
268434151
268411053
268431783
268401801
268407000
268422722
268403527
268420065
268417496
268419582
268425696
268420858
268425188
268415726
268422124
268412394
268417661
268428400
268404475
268412428
268427951
268435268
268415100
268418171
268412322
268428983
268411697
268411146
268421605
268422166
268401690
268418808
268435152
268418385
268406246
268424724
268422700
268412085
268427296
268413235
268406268
268433262
268404281
268411243
268411368
268407769
268400409
268427266
268419758
268400189
268401441
268416452
268413886
268425043
268411385
268424650
268433360
268415102
268419817
268414753
268428379
268414564
268405295
268435417
268405196
268424424
268411538
268402578
268429859
268427839
268404538
268431251
268414479
268404554
268431302
268408059
268432249
268432737
268401418
268413148
268418715
268405704
268434180
268403040
268415238
268430265
268420588
268410767
268405705
268401075
268427437
268425593
268417212
268418657
268430798
268413541
268402096
268406670
268408748
268429734
268428204
268434610
268422223
268418233
268403528
268428900
268426181
268417151
268432506
268428434
268407492
268432017
268421422
268425117
268423103
268421339
268415736
268430113
268410796
268430557
268413864
268403621
268411030
268402137
268431519
268414123
268400389
268408862
268422995
268421466
268411613
268422640
268414768
268423216
268429973
268431990
268409520
268424075
268417860
268415121
268405025
268433276
268422423
268418257
268413124
268431285
268426601
268422583
268415254
268402847
268424880
268419789
268423883
268434126
268412588
268414994
268401473
268432520
268413134
268434991
268402795
268416310
268432526
268425216
268426053
268422462
268425713
268420313
268402264
268408349
268414368
268420993
268408877
268406544
268423066
268422992
268400976
268429526
268419211
268405532
268423615
268401732
268403319
268421183
268419111
268427326
268405590
268407358
268400745
268413158
268434851
268430801
268425247
268418215
268408945
268408207
268403102
268406324
268409730
268417909
268426582
268400445
268434789
268422797
268425259
268408358
268430409
268410768
268402026
268401200
268422980
268430570
268401326
268400877
268432774
268401218
268407461
268402040
268432787
268424774
268419277
268411181
268402732
268403939
268427983
268415814
268424410
268400044
268419209
268418994
268406272
268416507
268417813
268417920
268423833
268407819
268420193
268418400
268417322
268411608
268425858
268423388
268400175
268424481
268420852
268407856
268430355
268419618
268427832
268417348
268422670
268420549
268414338
268419387
268429753
268402593
268420028
268404364
268427049
268431199
268428586
268410308
268415920
268411409
268410558
268400383
268427930
268417247
268411104
268433725
268430357
268413056
268400719
268411750
268426396
268420291
268424452
268422203
268415570
268412893
268412140
268406098
268424523
268414922
268419044
268407553
268414696
268430622
268403696
268415838
268431958
268433638
268433834
268421922
268416666
268429005
268421945
268420770
268404918
268401239
268418018
268412322
268414618
268411831
268431496
268431802
268416571
268432241
268421843
268423270
268403366
268409890
268425767
268401524
268426198
268420914
268418433
268424356
268400536
268420858
268421850
268410280
268417690
268414784
268415898
268434824
268400840
268431218
268406717
268414461
268408517
268405940
268424508
268400694
268418954
268411734
268415311
268403248
268424439
268411713
268432393
268430004
268432346
268405287
268416052
268425297
268400699
268402526
268420904
268403161
268429750
268403725
268410998
268404951
268411562
268407051
268430587
268417399
268432232
268432312
268417906
268400022
268421547
268410559
268422281
268418590
268423719
268407281
268415234
268413569
268410303
268423082
268432529
268422038
268400281
268406188
268425172
268405018
268422985
268406227
268400461
268415384
268407430
268403237
268417338
268433658
268429456
268432004
268420381
268430862
268417291
268413311
268434930
268401681
268423360
268401520
268433353
268428033
268425501
268418384
268402830
268421846
268422058
268428138
268431325
268411255
268426400
268418069
268430712
268422817
268432480
268432112
268425818
268401183
268426826
268407567
268405220
268427336
268411454
268431198
268418103
268414199
268428844
268421078
268409414
268407351
268434800
268415331
268413651
268429679
268410355
268412920
268405259
268406036
268401215
268418460
268429998
268425348
268432855
268431980
268424562
268433863
268404567
268407605
268421417
268407571
268422508
268406238
268403112
268424401
268414720
268433930
268431382
268419910
268403495
268402766
268416745
268431030
268418672
268433347
268423695
268410086
268410305
268425095
268415426
268419296
268434338
268425310
268426578
268404423
268422801
268412546
268418196
268415383
268400896
268429202
268405229
268419371
268426280
268420318
268410357
268415704
268414792
268410616
268431498
268407385
268420192
268418720
268414145
268413087
268411592
268423520
268409480
268408844
268426043
268413394
268415135
268425943
268428419
268421497
268427911
268418741
268427850
268432146
268414099
268401521
268400925
268407300
268410224
268412016
268411440
268428338
268415851
268424317
268412900
268400599
268401354
268415810
268403200
268425624
268403533
268422232
268425616
268415198
268433199
268403862
268402873
268423234
268415535
268431834
268433802
268409184
268417202
268412580
268431495
268422592
268424823
268410602
268412948
268407026
268420116
268423300
268426154
268406199
268428696
268403635
268434926
268411523
268409039
268426290
268418006
268418100
268401184
268423586
268407943
268403733
268435324
268421802
268428536
268408135
268435316
268418045
268408925
268411126
268433410
268403840
268420834
268433398
268410503
268401295
268409748
268414661
268406527
268412719
268431413
268416847
268416586
268432056
268406096
268434480
268406523
268426113
268432707
268415365
268416992
513
268435450